1.160262805991228794e-04
3.412831846853062786e-04
3.777332532150701650e-04
6.237077513964050949e-04
3.853105197137358961e-04
4.066425869097520544e-04
4.230969374888000531e-04
2.307691462956443262e-04
1.988227856950517726e-04
3.570429556949669724e-04
4.957165810834899145e-04
6.882694441951358938e-04
8.488662462761400931e-04
7.855335243059119888e-04
9.158430828291488739e-04
7.626781148774832092e-04
8.440980275066800338e-04
7.471231864560782610e-04
9.188251317362348351e-04
8.898690676207522601e-04
1.079000024552188505e-03
1.183718265428935178e-03
1.341198972481002670e-03
1.195907865483785077e-03
1.129297774186820797e-03
1.116151099843242303e-03
1.047069850944112998e-03
1.098611557337881997e-03
1.062182014533283488e-03
1.175904156522231559e-03
9.988489240134257666e-04
1.000410784999105837e-03
9.808051911207407193e-04
1.066338712997701469e-03
1.146967172970673196e-03
1.413631505512229344e-03
