2.102481909624669124e-06
1.963631492971227063e-06
1.297938133787936350e-06
1.099753112522956445e-06
8.402321292866273673e-07
2.738543149039322497e-06
2.342626641896552821e-06
1.208227587776071434e-06
1.070764175065030258e-06
1.282313608177183634e-06
2.826351443679356734e-06
3.154106766978459624e-06
2.903857474786468774e-06
2.603159603155044313e-06
4.927969211736292169e-06
5.636507663924276110e-06
5.696130876635414643e-06
4.525927259394865623e-06
3.562631518955399987e-06
1.271707597333921737e-06
3.594638439675059486e-06
5.624306792910427175e-06
5.208747948643553259e-06
6.328712756981438621e-06
6.635532303138603611e-06
5.948629164008455522e-06
6.182922713814721433e-06
4.226922957096603559e-06
6.029393760344548917e-06
4.950061703728210252e-06
6.488072932096852543e-06
5.093865722253785058e-06
5.435249030650578316e-06
4.354038188028103900e-06
5.743370676727118355e-06
5.274972935921384730e-06
7.029919147950247640e-06
6.411637874833869747e-06
3.863497347301278771e-06
4.452277113464069034e-06
4.644230496351183270e-06
4.571382004287618845e-06
5.803318718754185765e-06
6.702593766380419903e-06
7.501425756657695377e-06
8.543316024296918621e-06
1.062892209067829666e-05
1.142126490326907746e-05
1.107592915642252249e-05
1.136841987939532645e-05
9.018497487004249584e-06
7.249129450497868681e-06
6.130281796443575083e-06
5.541643798887183444e-06
6.288333079815677303e-06
7.387467477004041693e-06
7.855801460599806083e-06
9.276304233511939115e-06
1.099620703508351582e-05
1.315616902628465856e-05
1.401746079105318330e-05
1.230394611755321792e-05
1.055440145560050570e-05
1.186306378671746285e-05
1.181568049017607059e-05
1.176131544041391498e-05
1.308893844198656231e-05
1.351025940640209964e-05
1.462158206668525036e-05
1.679594881973610525e-05
1.736502369834599005e-05
1.615550509698528102e-05
1.528862812732862306e-05
1.393677942605919810e-05
1.360209791770531558e-05
1.318006840013764451e-05
1.302924656891727322e-05
1.535534936824258908e-05
1.724527774803740078e-05
1.770689324145161952e-05
1.633597192711603110e-05
1.305410763045754774e-05
1.512893058190008344e-05
1.337813505550697767e-05
1.279435500187585026e-05
1.338636735517959440e-05
1.183410466064486173e-05
1.302160346250882459e-05
1.226084308525193884e-05
1.114442697545708152e-05
1.104577155025654564e-05
1.154827102018230303e-05
1.017031730313573072e-05
1.096121719675401294e-05
8.998321868142150780e-06
6.838844659498250156e-06
9.042164007544862409e-06
1.113692133504847743e-05
9.337925732396982903e-06
1.049981878241625442e-05
9.123807025064675379e-06
1.002223697668656830e-05
1.132013819059796215e-05
9.395619167025382246e-06
7.466335357707425214e-06
8.755607980898844485e-06
7.308676871548860900e-06
6.650280720642866701e-06
7.335772467676756771e-06
7.053600656892592681e-06
4.441134141401474768e-06
6.212421584547995973e-06
6.615569557797746879e-06
7.428521586728839093e-06
8.042269654901135792e-06
8.159762578449238944e-06
1.047411629216857780e-05
1.310923400164076834e-05
1.280411295385662032e-05
1.445950158865473407e-05
1.371174007098190201e-05
1.326643265081645020e-05
1.405956590803313723e-05
1.195850271614908378e-05
1.193896143890192284e-05
1.113626089564905310e-05
1.162729987145702901e-05
1.314400975604701381e-05
1.437478902626501776e-05
1.488713870161399623e-05
1.661963435870143687e-05
1.820914603702738870e-05
1.813805414595614945e-05
1.697001129083604209e-05
1.571625653061181640e-05
1.614867398595671444e-05
1.723139318731515624e-05
1.866815442001201313e-05
2.070074891060545453e-05
1.923415533219420578e-05
1.841812548625791922e-05
1.893573556513879140e-05
1.922927185263343053e-05
1.808028743953874026e-05
1.641168404761205772e-05
1.704934650781188681e-05
1.650627620044975660e-05
1.799423822277452901e-05
1.697275696061592942e-05
1.830181763425912947e-05
1.713380916521888546e-05
1.933596699314048893e-05
2.068797041753822391e-05
1.970618914187568870e-05
2.064071125633275326e-05
2.227644614803191110e-05
2.191201971876082381e-05
1.974519382845751756e-05
1.789519190522893518e-05
2.041597237486415044e-05
2.194829748135435630e-05
2.146971064767228053e-05
2.181771567585826855e-05
2.076141470888476611e-05
2.362053080650736129e-05
2.208385257479113950e-05
2.258407877897578725e-05
2.352753238805058969e-05
2.263961955057494397e-05
2.341284575131885809e-05
2.449423229538941915e-05
2.494797728439634621e-05
2.248979721230226017e-05
2.261716791554457763e-05
2.367207885655188629e-05
2.228035351800475980e-05
2.134426780639634645e-05
2.055685707356873698e-05
1.948917688844705522e-05
1.949227522057885980e-05
1.953872658731600068e-05
1.900025733111161387e-05
1.934249130675479646e-05
2.128360779058142662e-05
2.083425337181154575e-05
2.303989743529118829e-05
2.297041854183485234e-05
2.133399077383168777e-05
2.188834241442888078e-05
2.236209447991667826e-05
2.454221274914786805e-05
2.288369341257944528e-05
2.268448109250078266e-05
2.328190587506307521e-05
2.482401693986748580e-05
2.693963892209024025e-05
2.883470150157202980e-05
3.232837701420114172e-05
3.451049942225446732e-05
3.556565749788045022e-05
3.372699972779376933e-05
3.739090569972317236e-05
3.933174934228448482e-05
4.059930441818115573e-05
3.953348170888996261e-05
3.897622641802333529e-05
4.154205847688675419e-05
3.935288103647549042e-05
3.863941057626954365e-05
4.337492106995452783e-05
4.224103129213198945e-05
3.975664025732740411e-05
3.951348220145014178e-05
3.886912034130230207e-05
3.957861340439007975e-05
3.966179281443312085e-05
4.130088749674765646e-05
3.767707466239455160e-05
3.887797189191530896e-05
3.894502573026127894e-05
4.183170242169619317e-05
4.335769265451005420e-05
4.521548817975036083e-05
4.463530344583742918e-05
4.331653855344188333e-05
4.052251765982223708e-05
4.079948553399031234e-05
3.970651617116032086e-05
3.890580662252574566e-05
3.835299152675128963e-05
4.087834047744788200e-05
4.203511976885213020e-05
3.824094292455489672e-05
4.132257648152451950e-05
3.912167084121325470e-05
4.150909599565731742e-05
4.172535664279131297e-05
4.011361029896246981e-05
3.748137034850120420e-05
3.821849696948385444e-05
3.592251936180695791e-05
3.365999051526961570e-05
3.207646453103925452e-05
3.462516010206392517e-05
3.280000364427522079e-05
3.411480823760767924e-05
3.495153488196864366e-05
3.496529619690529506e-05
3.613931580818317374e-05
3.385828831017760507e-05
3.097033789589898116e-05
3.149825580335276583e-05
3.115764268518123731e-05
3.270968379879424785e-05
3.507243800033731269e-05
3.573991820679438898e-05
3.487324070028144612e-05
3.501605806470224153e-05
3.220425035004945976e-05
3.373015366515326485e-05
3.454079117511984879e-05
3.633848776740329406e-05
3.599620135006521414e-05
3.595513911218690912e-05
3.855586559368464619e-05
3.773663091370846291e-05
3.957289766824704711e-05
4.014885372339821158e-05
4.044274068114601787e-05
4.444667374042548418e-05
4.245728817988782061e-05
4.226867320597727440e-05
4.060105966955672349e-05
3.882154257524666704e-05
4.295339785879527999e-05
4.199616008135669475e-05
4.384979108691988193e-05
4.271936492310754224e-05
4.240305932443137445e-05
4.391583246310852638e-05
4.560456356811999276e-05
4.566357304673603269e-05
4.587458771827267775e-05
4.246570523423026081e-05
4.168337631259054564e-05
4.619419038077525035e-05
4.272030487749579859e-05
4.007984636032808126e-05
4.202892650865632695e-05
4.390152165913163446e-05
4.572817193111572702e-05
4.624280614832928610e-05
4.415950184207884707e-05
4.674801247166963919e-05
4.766555574310946873e-05
4.878624431541988827e-05
5.121279381457296371e-05
5.132395151500141687e-05
5.607824397636066729e-05
5.370102091838609577e-05
5.213072709737307734e-05
5.337639675531248107e-05
5.729293621998590160e-05
6.140805501162498105e-05
6.556040962490168199e-05
6.339322912893971995e-05
6.216480629789914423e-05
6.089334277660767030e-05
5.982940183633268111e-05
5.780367506878108293e-05
5.759797801911634060e-05
5.477908572794116962e-05
5.578958735838058499e-05
5.864785101567476208e-05
5.912859939226199356e-05
5.657179734587802100e-05
5.717823189695090172e-05
5.720995308581402008e-05
6.143295305388764413e-05
6.209641960741281788e-05
5.967825466882404055e-05
5.972833546865489779e-05
5.759573924757956662e-05
5.796007534809337271e-05
5.365172658829402575e-05
5.033140427189344412e-05
5.028381568354781160e-05
4.890965923721282184e-05
4.560847081526656907e-05
4.740870860156791607e-05
4.870158424121691544e-05
4.583398629029644997e-05
4.637815088254636800e-05
4.700806192118020711e-05
4.842992427367238885e-05
4.957674642099000646e-05
4.978082788804080397e-05
5.155977634448588213e-05
5.458608552905900961e-05
5.474160599697113307e-05
5.557330468992331408e-05
5.644794415562559288e-05
5.296239738349459186e-05
5.203895446336589942e-05
5.710974065785243039e-05
5.677853966358681239e-05
5.451663669613095560e-05
5.418660844584356664e-05
5.231444005312103890e-05
5.229249385856146753e-05
5.407110822703950395e-05
5.498898852774628882e-05
5.460830335634158907e-05
5.746861244303425417e-05
5.396307226410311975e-05
5.644515181310269682e-05
5.805901776737231829e-05
5.808913765808353276e-05
6.013890516726631488e-05
5.639051667327945114e-05
5.636691765314365363e-05
5.383059008191534191e-05
5.189163876223874925e-05
4.827176292506645070e-05
4.992645656814521834e-05
5.078530089124569179e-05
4.915450593433144801e-05
4.887281079826114055e-05
4.882382402448484665e-05
4.664624865546453223e-05
4.833569512064258254e-05
4.550487932021918063e-05
4.668071389175440039e-05
4.551956826574406754e-05
4.712156656292818978e-05
4.718329940078550759e-05
4.648950151072892939e-05
4.607966721636590126e-05
4.870724265911725306e-05
5.284735732405964096e-05
5.764730235875384384e-05
5.958005956543968676e-05
5.803867113166180978e-05
6.135272819791877169e-05
6.146260732834310883e-05
6.308580605316325865e-05
6.521664578921280259e-05
6.116601512427924684e-05
5.677651286739278049e-05
5.231870241052577648e-05
5.255100626177410450e-05
5.748974599814416978e-05
5.288243293890669566e-05
5.442932615208688859e-05
5.747114098513226600e-05
5.530350281895165913e-05
5.812075964222364891e-05
5.578315339902089362e-05
5.938791334920045568e-05
6.520595195233191391e-05
5.965413766223949256e-05
5.798462565939591383e-05
5.612037939971195583e-05
6.032598152892115138e-05
5.884955017251966222e-05
5.704284258150251478e-05
5.993219295483928925e-05
6.230197090803051257e-05
6.497482122179044505e-05
6.730658339679747369e-05
7.071951858474885837e-05
7.219090194448379275e-05
7.379232079197939331e-05
7.423944129012049879e-05
7.003979150632750543e-05
6.458449017251254140e-05
6.534875540369024152e-05
6.986890787507347522e-05
6.916182412796398945e-05
7.317505001576482136e-05
8.117657637729892622e-05
7.865241999536920383e-05
8.649100420266414558e-05
8.692979808021075760e-05
7.889979246076856030e-05
7.849924319144377090e-05
7.798680229891611336e-05
7.883511581288097302e-05
7.921114553607877789e-05
8.247716290041028672e-05
8.484756201203121529e-05
8.116741441532278150e-05
7.935367719588313443e-05
8.013949889298496092e-05
8.189155626396810769e-05
7.716375808240531450e-05
7.527986782395079842e-05
8.011901961140861707e-05
8.217226090098649625e-05
8.044587974785099064e-05
8.387025887773537835e-05
8.487903648232917307e-05
7.924928156049209770e-05
8.180784478455490260e-05
7.643966663945120593e-05
7.613380710283637132e-05
7.843397285722212165e-05
7.733216905204090455e-05
7.825735006098323186e-05
7.672520191156494986e-05
7.864521768351364706e-05
7.766039005993034437e-05
7.882092129973670329e-05
7.584989018473802772e-05
7.900334576874549282e-05
8.064476432256468034e-05
8.112353894301719691e-05
8.371737711210231305e-05
8.851416498893770017e-05
8.464827040245621089e-05
7.646353899810851853e-05
7.545414043298052443e-05
7.481400774615654581e-05
7.595177324185267329e-05
7.725398769573601750e-05
7.378373448090072236e-05
7.403934497009789805e-05
7.302051917743337375e-05
7.632085327347671092e-05
7.890690957957769271e-05
7.956870793489078427e-05
7.776055560052343456e-05
8.419279559044703432e-05
8.857975035854142166e-05
8.274507059773262413e-05
8.359074195246771687e-05
8.402832597407789252e-05
8.373136867745972452e-05
7.942493166925686991e-05
7.876570161411177503e-05
8.340464440498396672e-05
8.557605814316466230e-05
8.472501525855262667e-05
8.400897235847661331e-05
7.864309386824752451e-05
7.790082887368577529e-05
7.790780590893706277e-05
7.389969248810554601e-05
7.037128119720239877e-05
6.894995097279198865e-05
6.846634029835068757e-05
6.968482679732663999e-05
6.615279160909889530e-05
6.514709286083263508e-05
6.723536683678374393e-05
6.909801619333002392e-05
6.860776227910003278e-05
7.318129071261689190e-05
7.618587017993737375e-05
7.039437139800249833e-05
7.236288543259089036e-05
7.347658343708842225e-05
6.942198181978771418e-05
7.260968757394719556e-05
7.113081106622419708e-05
7.545563659994116627e-05
7.632845593055210653e-05
7.594823742147996273e-05
8.095362971889144782e-05
8.155396844582052276e-05
8.694329293147026988e-05
9.066177876561757666e-05
9.718274236930419185e-05
9.622089647439571801e-05
8.988995363104814449e-05
9.628608559127406464e-05
9.655758840548993110e-05
9.824532051302254081e-05
9.124703132360563115e-05
9.471950923523264837e-05
9.439563715643081298e-05
9.408317998337191587e-05
9.889155381614845740e-05
9.782362241990503332e-05
9.423813019563040112e-05
9.153132019951053038e-05
9.403705899040015119e-05
9.322346235397788302e-05
9.253169390127325897e-05
9.241005269261008616e-05
8.930520625447229549e-05
9.422106817508588844e-05
9.178604343242373256e-05
9.875036084215798086e-05
1.068432261581625167e-04
1.061922217756957378e-04
1.102137530417677332e-04
1.092853877281641314e-04
1.172927049094306054e-04
1.171428105630281397e-04
1.259141904359630611e-04
1.189023131140836190e-04
1.188130506179105002e-04
1.226551622113810432e-04
1.347489235580221238e-04
1.267995305548224097e-04
1.320091977598125026e-04
1.227233001022486178e-04
1.297318189656521928e-04
1.441608219229906620e-04
1.605993360207915257e-04
1.842360602108369428e-04
2.867144845634338451e-04
3.678556436801703566e-04
2.302246082135236363e-04
1.349065592872315898e-03
