1.637177132040289994e-06
1.928297976238992985e-06
3.915559587644498351e-06
3.539591980475153384e-06
4.985897141619205321e-06
6.495895281249735873e-06
7.123537475062946572e-06
9.122816188095831603e-06
1.063401993111268730e-05
8.873337857193217348e-06
9.429124704184469271e-06
1.061303575081880235e-05
1.288456368793557960e-05
1.307578692827982860e-05
1.268341659895186582e-05
1.229471183615920529e-05
1.272557440897927014e-05
1.444011661574697872e-05
1.468387929872251424e-05
1.372267126153910064e-05
1.303980334288020924e-05
1.361178983817005249e-05
1.243496307959027435e-05
1.249684792551605274e-05
1.453285713811501730e-05
1.586515275229702552e-05
1.723341427178526458e-05
1.758230101145887730e-05
1.876839897660092016e-05
1.888322178389171291e-05
1.868422793954482218e-05
1.807403192681455184e-05
1.664018166092526863e-05
1.631576818078353248e-05
1.762665002874790355e-05
1.841657926602028724e-05
1.955912627531526755e-05
2.102240297352017329e-05
1.986335299860788952e-05
1.814062652013282754e-05
1.972543694168603753e-05
2.138284337420516882e-05
2.189926094042899497e-05
2.009011663210083029e-05
1.972979141615655431e-05
1.886693041817010598e-05
1.911857321377744785e-05
1.854971145715863655e-05
1.781560652142916829e-05
1.811606217365680456e-05
1.670377776647414202e-05
1.858933600646458953e-05
1.957343003279946037e-05
2.078122665849102766e-05
2.062970457359146828e-05
2.102405225946590004e-05
2.225311670021400164e-05
2.203443660487299928e-05
2.325258929354159028e-05
2.474415959339148978e-05
2.631407549843485828e-05
2.715407057832247770e-05
2.887995050434056873e-05
2.857814731442119002e-05
3.054513472673846616e-05
3.188441770233305090e-05
3.037986034757113454e-05
3.010470201869590645e-05
3.013327774067684636e-05
3.163997592175334231e-05
3.238497946359455412e-05
3.452641156317867992e-05
3.471225243319563943e-05
3.645723357692600981e-05
3.751410581356438601e-05
3.756167964070337078e-05
3.718351692520474155e-05
3.718881159335745768e-05
3.927817915582032532e-05
3.745783303183906996e-05
3.671636939022069425e-05
3.805891969021051057e-05
3.787632018926789584e-05
3.837527666778100860e-05
3.812215575421699720e-05
3.916926524559770665e-05
4.087699066211119544e-05
4.065367098668611328e-05
4.171625590486638087e-05
4.082794617347911204e-05
3.917032576583834937e-05
3.863072317504004859e-05
3.941180505115961908e-05
4.087852729600561662e-05
4.085339495040039728e-05
4.241129853509171193e-05
4.218211714354393296e-05
4.044924260059844923e-05
3.979078132814064503e-05
4.178264005901244474e-05
4.014280225652429746e-05
3.866142154546419970e-05
4.042594475075442115e-05
4.186483895916727184e-05
4.216780376554604795e-05
4.382355666988816767e-05
4.222261887055798682e-05
4.379220469318591415e-05
4.555465704908055345e-05
4.408129225274977191e-05
4.323332646388309864e-05
4.289844583364079957e-05
4.185343534356352656e-05
4.330431718716716739e-05
4.462169156884316534e-05
4.444633960032163330e-05
4.417946225547736346e-05
4.259120681227275085e-05
4.176634969870227998e-05
4.220072501609239854e-05
4.077953111607834674e-05
4.013390045004906114e-05
3.824813425673148192e-05
3.935548040853285195e-05
3.907372455237327565e-05
4.088550778263436646e-05
4.175102600344616203e-05
4.320450375278755972e-05
4.426393839102300782e-05
4.263472287641908884e-05
4.202666368758526376e-05
4.016365269627986481e-05
3.820933539293288131e-05
3.688150103700776926e-05
3.483291579433380061e-05
3.483556251458715732e-05
3.443688752554268989e-05
3.391910036875655105e-05
3.585186309745053769e-05
3.679133312742753311e-05
3.837414160667954348e-05
3.898238391991107403e-05
3.994159827503382577e-05
3.978391171854239321e-05
4.105551145543837759e-05
3.909208890123198193e-05
4.018296910014311279e-05
3.956826801835769533e-05
4.011874759270255111e-05
4.160189796338013661e-05
4.049743183340307688e-05
4.070721146567465079e-05
4.107887235151411344e-05
4.222085673763480731e-05
4.088875057920811953e-05
4.026991985431067883e-05
3.922341879488166111e-05
4.104121084856702221e-05
4.076832615919959011e-05
4.110240670562851940e-05
4.311580435562021912e-05
4.261155522964494414e-05
4.192994243111098599e-05
4.054852680595913135e-05
3.915277080740209190e-05
3.735782767467832793e-05
3.875177501676975699e-05
4.049100041569366604e-05
3.876885518559924817e-05
3.949058801581959880e-05
3.891442339857309235e-05
4.043022323080443757e-05
4.177486677141853877e-05
4.384216373326092233e-05
4.332561879075685744e-05
4.211757524227950004e-05
4.369585143735958270e-05
4.588054408928472240e-05
4.750479332339797254e-05
4.776048932873567669e-05
4.760136454685103983e-05
4.563983173416652646e-05
4.508984808180941121e-05
4.461985338476279276e-05
4.482771125298337899e-05
4.577663800397774335e-05
4.739369799892685105e-05
4.778389926203753551e-05
4.980039609738417161e-05
4.979001751986189995e-05
4.983480691847925044e-05
5.078540365494708947e-05
5.059550109252889972e-05
5.116241734662032540e-05
5.155827230397524308e-05
5.267080290263127112e-05
5.063165179439146001e-05
5.032403529879292235e-05
4.938244762955856478e-05
4.936542317511289079e-05
4.986866905538927435e-05
4.998949070317244359e-05
5.093700939815063713e-05
5.199745146302048847e-05
5.095832414928377880e-05
5.192825863538225715e-05
5.139195331226188425e-05
5.210769913966787909e-05
5.094207466211445734e-05
5.052889994326169792e-05
4.841864170249659670e-05
4.932106466845141821e-05
4.904186852771979626e-05
4.941118046289313541e-05
5.003958189122488802e-05
5.188790560140190561e-05
5.085988202080223621e-05
5.024925992461293342e-05
5.079182162157011164e-05
5.006848612929330983e-05
4.876480649370156347e-05
4.878768970963792538e-05
4.747064960408172590e-05
4.692897269905480824e-05
4.578724257906217784e-05
4.491553801393982225e-05
4.406629294813093061e-05
4.230020791531888453e-05
4.105975480014896581e-05
4.007612482420837025e-05
4.165681975858874438e-05
4.170386745803287854e-05
4.281995337332648985e-05
4.356005474675597337e-05
4.233187808942660813e-05
4.103391083941421212e-05
4.248570452894866672e-05
4.227089854160834005e-05
4.016179510932940742e-05
4.042550390046695957e-05
4.218622018550280476e-05
4.355372809480292869e-05
4.499719050377059165e-05
4.280336899613328719e-05
4.241462332150852112e-05
4.151038446312313565e-05
4.262163823038473792e-05
4.420568065259472621e-05
4.496654660379174569e-05
4.685010981207373440e-05
4.537574485785072381e-05
4.704991649305731823e-05
4.586014223279574997e-05
4.748847287813682497e-05
4.600115305847811187e-05
4.698393508901652706e-05
4.819834982736020355e-05
4.961519810119324416e-05
5.103893477477377595e-05
5.202113961034435805e-05
5.158762169974917582e-05
5.225868577740525392e-05
5.185722880105635672e-05
5.232251201623459809e-05
5.035568282964381532e-05
5.136311762392856459e-05
4.911553496610937493e-05
4.929986803230509583e-05
4.987638959025481337e-05
4.934385194057795096e-05
5.075634813681670392e-05
4.976090688685343280e-05
5.154754952675877312e-05
5.057830855344183939e-05
5.077926768743643579e-05
5.072005200891159077e-05
5.211354354212859041e-05
5.114758719004445484e-05
5.247641111987106727e-05
5.148242091844245456e-05
4.959582252778438349e-05
4.847600707063176730e-05
4.977893059692875723e-05
4.777654693494356769e-05
4.615917539072670516e-05
4.754760535419770172e-05
4.887454325217003507e-05
4.769065563713141770e-05
4.892559560926362723e-05
4.744727904301046089e-05
4.870272686356485678e-05
5.064515904869056621e-05
5.237214876758002101e-05
5.325090898384449313e-05
5.469705351930961152e-05
5.379236408775898135e-05
5.484805329739371400e-05
5.473619085074894058e-05
5.604443775937086091e-05
5.569085046640930280e-05
5.732311351477812321e-05
5.677236838887958666e-05
5.469111170995883764e-05
5.313541599467101414e-05
5.366065203169770905e-05
5.418149632567150875e-05
5.569511199927870156e-05
5.662000021982367437e-05
5.467248807735505616e-05
5.296295017655987502e-05
5.338911856278974677e-05
5.408618538371916891e-05
5.586860255593653038e-05
5.501689048621151901e-05
5.567522478232445900e-05
5.660720501765050921e-05
5.575810721438218546e-05
5.550200538793016502e-05
5.514550792030703833e-05
5.405527560484190992e-05
5.244230438417939817e-05
5.323665494604770952e-05
5.366678639056099079e-05
5.529613247091773998e-05
5.715134196952557504e-05
5.628725954949936351e-05
5.645165417835478215e-05
5.524928137072201566e-05
5.619234818888655015e-05
5.516375439860802252e-05
5.296686455558838937e-05
5.392433443033123422e-05
5.443019729672508535e-05
5.477511097280566860e-05
5.386116126004784118e-05
5.354729352744495879e-05
5.540970461872911108e-05
5.502336156051677418e-05
5.476049704466571128e-05
5.314481104541691380e-05
5.162082174511088516e-05
5.226563687691798568e-05
5.417639301430265215e-05
5.301716534083290741e-05
5.455960109887692195e-05
5.363246414396124546e-05
5.235483192031009316e-05
5.372633347439517237e-05
5.166695245591448828e-05
5.012188327186168100e-05
5.153738900568293597e-05
5.274893532571119347e-05
5.147013320327324079e-05
5.031876121447766327e-05
4.972687220049415208e-05
4.855609829514327252e-05
4.767829455113330091e-05
4.931428636674433920e-05
4.893618785239227235e-05
4.930036304811332668e-05
5.133486181695838725e-05
5.266574790849564488e-05
5.153371143101489143e-05
5.191921244902125438e-05
5.175160753093757161e-05
5.057618594418440520e-05
5.138526889038724777e-05
5.225071808156404857e-05
5.189704843187824664e-05
5.233271208974716660e-05
5.409344730515534361e-05
5.443169992514244952e-05
5.263224770398339654e-05
5.368971718299403651e-05
5.397500233881926014e-05
5.362814218309742417e-05
5.393766130807345566e-05
5.435274099955462773e-05
5.331662113107876315e-05
5.467410073958300172e-05
5.512729900786248556e-05
5.453014468773191006e-05
5.526125494312439645e-05
5.566168894756388257e-05
5.476952389753833122e-05
5.335289279275628235e-05
5.344585147653718060e-05
5.516399181926208211e-05
5.710681840717801721e-05
5.697227645329563570e-05
5.719036470382240551e-05
5.805654790974425542e-05
5.845717621818166134e-05
5.851736965667689354e-05
6.038921273721061325e-05
5.892648653339166383e-05
5.803534032289873009e-05
5.848242094775642246e-05
5.965038907729644280e-05
5.934006589006826085e-05
6.049183836308906834e-05
5.987844533533410519e-05
6.157868690296088834e-05
6.242544770016785838e-05
6.272266147720658705e-05
6.263675281270377772e-05
6.083620044168634548e-05
5.934077610596711543e-05
5.901156291189445994e-05
5.849362287729701298e-05
5.863016113346868215e-05
5.874580226813807252e-05
5.678669619880176878e-05
5.796651476974776348e-05
5.969389170810980968e-05
5.868016752672975311e-05
6.016314322500066619e-05
6.120744025279523711e-05
6.076601400762093050e-05
6.044492246253627431e-05
6.224073477331802282e-05
6.248688473820959916e-05
6.153679136463791120e-05
5.962822731913479423e-05
5.901215094973498107e-05
5.839215222464953797e-05
5.846856130065659896e-05
5.945707619946126118e-05
6.021661838220521785e-05
5.826387231917292401e-05
5.820939946278931478e-05
5.748519564486612133e-05
5.930738224098268087e-05
5.883115188545803387e-05
5.717281448126472102e-05
5.571508256391666578e-05
5.575548303630326822e-05
5.460788534354735620e-05
5.559013880207966754e-05
5.391828112685619745e-05
5.400519773796340914e-05
5.327259640675719956e-05
5.276802448668659089e-05
5.139565157176448416e-05
5.034467601340485913e-05
5.025005143645907050e-05
4.865259595358837946e-05
4.712389896529463611e-05
4.739533396542007954e-05
4.778237375711219851e-05
4.683309360359993177e-05
4.835961992654206883e-05
4.934712682523029041e-05
4.782713592778412579e-05
4.729217129084604357e-05
4.659805765215816348e-05
4.474515145062715131e-05
4.493471772303452873e-05
4.563558023316368695e-05
4.572607677756087381e-05
4.412495424070750143e-05
4.349236934127932453e-05
4.210988176054121648e-05
4.230197906326699665e-05
4.263557516466285984e-05
4.397867174512511259e-05
4.519924187484985958e-05
4.635528300493524763e-05
4.429365177835546007e-05
4.450610752317104147e-05
4.507302766543697852e-05
4.666188615851271876e-05
4.729247551332585225e-05
4.599858800558495327e-05
4.625055613917653273e-05
4.656050532791231500e-05
4.775451001933024624e-05
4.861111866836677868e-05
4.820650470860991257e-05
4.806635227360755243e-05
4.862921598025221522e-05
4.981283992615627882e-05
5.039711165705025624e-05
5.123502627957967465e-05
5.307153140027210043e-05
5.462397935903803533e-05
5.611612335615162405e-05
5.459136138484540850e-05
5.675334197560362741e-05
5.759653330700928062e-05
5.928710352308368391e-05
6.155774245531274544e-05
6.313665388967566858e-05
6.487911277202011576e-05
6.567412822805299437e-05
6.533913051161932626e-05
6.545882379483651417e-05
6.347879269090097437e-05
6.443657218873781499e-05
6.444958798745998305e-05
6.315054958237922942e-05
6.238126031612158888e-05
6.442320566161674098e-05
6.287656811895423695e-05
6.233051465953552358e-05
6.113127069620923060e-05
6.204575029155438306e-05
6.141367843810089462e-05
5.942138953360576241e-05
5.794091744627611273e-05
5.817781911641554000e-05
5.931046398222704878e-05
5.771831152768652627e-05
5.965808737742513688e-05
5.843250217069768330e-05
5.803949556719576396e-05
5.837843127296675673e-05
5.661004435086377650e-05
5.797539754302037353e-05
5.595409269555035248e-05
5.620543279199289184e-05
5.539788015322522329e-05
5.534575178168857752e-05
5.385285411600890894e-05
5.256922656799728483e-05
5.134263133482861070e-05
5.150229241297395053e-05
5.302979080044786076e-05
5.368314460958484633e-05
5.273251517224988736e-05
5.474242758230139197e-05
5.550034515409024591e-05
5.742129594980630578e-05
5.828101173260535884e-05
5.791085951174145620e-05
5.829791248092419513e-05
5.636058787020772280e-05
5.796344695750605444e-05
5.772107342858998226e-05
5.765437785719131704e-05
6.006408024323800461e-05
6.172851842455410207e-05
6.077324596408638103e-05
6.257918868823501108e-05
6.097215772582553555e-05
6.113055242954528400e-05
6.122695820219936180e-05
6.094820624795191068e-05
6.049519344108383255e-05
5.981789051494604476e-05
6.088880990505363702e-05
6.322294989993149799e-05
6.166817301465813523e-05
6.278501657034488473e-05
6.202663048907908238e-05
6.327004282925723978e-05
6.487865061494577329e-05
6.383847078864146390e-05
6.293392225913729322e-05
6.448627595938533996e-05
6.320251309722525279e-05
6.425524358120124379e-05
6.543440139383357372e-05
6.675733301992047572e-05
6.655032289093938691e-05
6.570196085643558153e-05
6.563244986959392664e-05
6.562381690691829574e-05
6.643973151410118396e-05
6.645689916055780690e-05
6.517745605839373000e-05
6.648199418917442925e-05
6.918825129952062378e-05
6.897179874052475823e-05
6.721327915102816145e-05
6.621297095862098208e-05
6.547949027391113748e-05
6.426073895908890451e-05
6.315436467889091142e-05
6.506785244108846645e-05
6.562328102971011468e-05
6.420141978361695618e-05
6.255164446558262985e-05
6.121701204868444483e-05
5.953786422944913604e-05
6.017452478518113464e-05
6.101698440579459787e-05
6.222279506793861156e-05
6.207602812013156908e-05
6.255356429831533270e-05
6.242303574085321101e-05
6.314960955983410105e-05
6.104577231603292671e-05
6.112667642407424795e-05
6.135961400829358363e-05
6.114905562142872088e-05
6.340974238348860215e-05
6.376599802016847133e-05
6.271658142518901462e-05
6.365612968941535010e-05
6.285598591092755785e-05
6.085685215558704912e-05
6.317988970723792278e-05
6.350587983910299140e-05
6.230063520841102708e-05
6.346835152354220438e-05
6.379857663932694692e-05
6.341165991311561436e-05
6.432881517503591026e-05
6.452550772477812387e-05
6.444481257251903161e-05
6.355149518776496737e-05
6.535412995949281805e-05
6.473884448757982984e-05
6.489628141603616851e-05
6.529514899767204688e-05
6.516155859779231138e-05
6.594240883331054859e-05
6.661114853951990706e-05
6.472763979985927019e-05
6.318656280046852918e-05
6.248641913657478324e-05
6.165617757704545563e-05
6.029216030666269060e-05
6.056584167396472337e-05
6.084435219289557721e-05
5.991351241549995160e-05
6.189284741952724657e-05
6.274818564009925664e-05
6.252483997439652931e-05
6.285544248244075041e-05
6.242872347455143221e-05
6.315475369723888251e-05
6.341810900593478019e-05
6.178292426927388132e-05
5.996975705025387393e-05
6.079333430885680079e-05
6.100351584931727381e-05
6.105788457643706419e-05
6.054272552413301762e-05
6.032379103348877781e-05
5.962028737186025759e-05
5.955461649605929352e-05
5.857760472899599630e-05
5.973875508981367651e-05
6.002123166963991999e-05
6.207544038462537740e-05
6.174198456737660596e-05
6.112458315496135160e-05
6.147466533099774858e-05
5.947451033850770008e-05
6.042935684958218519e-05
6.096341817307768685e-05
5.960872907111513462e-05
5.912450355851966223e-05
5.896088432231874653e-05
5.982229912690694383e-05
6.105633778381312001e-05
6.062415152450026406e-05
5.935032886952621535e-05
6.061000885622439921e-05
5.934324883381220214e-05
6.016778987733992169e-05
5.963526908606733959e-05
6.126429920636309722e-05
6.227358924541299317e-05
6.201013973110449220e-05
6.177325562892539603e-05
6.414854275760999754e-05
6.307225878834556577e-05
6.493920942681747743e-05
6.544192268355641636e-05
6.468100701898268467e-05
6.491895865096030858e-05
6.556201536696041015e-05
6.434221691539974703e-05
6.450165598864331335e-05
6.407326606470959253e-05
6.444359662337515436e-05
6.475950366700235943e-05
6.513788698104504553e-05
6.365439848238700442e-05
6.313496999176839396e-05
6.372533695448885107e-05
6.322613071632976283e-05
6.280397497634369322e-05
6.274759345253531038e-05
6.237837550759344906e-05
6.259135776158282103e-05
6.285521244679169255e-05
6.177897772412241167e-05
6.187796099894559928e-05
6.315310357408108457e-05
6.328595283904484947e-05
6.290795776372142640e-05
6.513111424396384114e-05
6.423494388601789769e-05
6.484845757116915969e-05
6.713569570514365419e-05
6.668701453018054625e-05
6.783251832125750699e-05
6.831159189680669072e-05
6.784855322738190620e-05
6.676081587832272438e-05
6.830998407689275423e-05
6.656265217102164502e-05
6.548138981918470909e-05
6.540575899359703162e-05
6.496849768230112407e-05
6.591975910401040768e-05
6.695355376154666228e-05
6.713456836001230452e-05
6.654237838977380645e-05
6.647515523732928770e-05
6.573876275115917605e-05
6.703589851660530054e-05
6.615703611468315393e-05
6.593241815729198717e-05
6.518438658920265778e-05
6.545491096954040298e-05
6.596607046186862432e-05
6.604529377729491228e-05
6.636387377866507880e-05
6.585398501948296632e-05
6.478906545396296147e-05
6.429434573278589732e-05
6.268335208744845290e-05
6.360537589023328522e-05
6.292261677125698342e-05
6.310286059286162859e-05
6.250857248480269201e-05
6.445486284426229693e-05
6.455482134709570230e-05
6.453648141902284445e-05
6.574658948243339686e-05
6.534413298145905896e-05
6.387283442446377063e-05
6.431294115136277950e-05
6.376063773075206292e-05
6.328684023871142966e-05
6.172943152999089056e-05
6.117653369267953911e-05
6.089683461410790846e-05
6.185935020639444734e-05
6.211961606274546085e-05
6.322916128260330781e-05
6.392437727373810868e-05
6.359070161335466016e-05
6.228446243421460727e-05
6.239606842033010130e-05
6.105299079112463825e-05
6.195003115522672895e-05
6.268277926672728511e-05
6.304608013674689430e-05
6.322552685882768875e-05
6.171994129346383847e-05
6.168309130832731225e-05
6.243222070208678863e-05
6.420181995498527481e-05
6.502533723830501190e-05
6.340984550752544566e-05
6.309192930083182597e-05
6.169097548963882775e-05
6.183680542907892300e-05
6.153575563564407593e-05
6.008815490505338202e-05
5.884676029121434980e-05
5.994811629092727573e-05
5.973267184938993386e-05
5.792434928737086672e-05
5.876221416115168711e-05
5.753213951169529122e-05
5.989705016363178588e-05
5.933203540294587484e-05
5.928641380443495999e-05
5.689124366357127516e-05
5.599160092333384562e-05
5.531580672793398872e-05
5.378637079321379024e-05
5.370998819682983635e-05
5.437286292186570454e-05
5.322511615245345892e-05
5.211023625196946552e-05
5.086829150060726392e-05
5.041291611294431866e-05
4.984096303153433678e-05
5.183714094597145213e-05
5.113238169058655135e-05
5.158797878464756924e-05
5.059546658431477632e-05
4.982956027190538775e-05
5.104110011202074587e-05
5.103080004922884953e-05
5.162055369275571793e-05
5.267868192091657074e-05
5.204296025997934836e-05
5.149415864579348151e-05
5.162741012426332520e-05
5.133508963079756439e-05
4.946414909727848172e-05
4.869534851053028358e-05
4.819395372653420057e-05
4.906727107819425747e-05
4.938718212167953327e-05
4.750511392127656666e-05
4.692577435904326600e-05
4.902262896024826930e-05
4.855956605666540173e-05
5.103935477473989013e-05
4.947189226959731366e-05
4.993255748634849606e-05
4.853478886070496914e-05
5.046855822957438734e-05
4.998873477518723759e-05
4.909432330257327214e-05
4.859909583925984102e-05
4.704965114143757894e-05
4.726773381838179867e-05
4.699548155265047055e-05
4.743091932253205249e-05
4.951424222737466063e-05
4.920243995007327379e-05
4.914680510839634665e-05
4.767354222599225118e-05
4.888461779181086059e-05
4.707208912138673590e-05
4.803273631770166557e-05
4.859298144813610471e-05
5.026195510101466016e-05
5.017392819137282440e-05
5.105966030429125911e-05
5.182395054527937789e-05
5.009046998621297569e-05
4.985938066884269154e-05
4.834813478746038669e-05
4.755374663510765276e-05
4.774103532861787518e-05
4.706443729032234254e-05
4.712996170151061105e-05
4.657845404683505594e-05
4.644528661595163482e-05
4.527976538956767497e-05
4.595735528362476590e-05
4.599995030306936762e-05
4.628899429200431583e-05
4.606063799764556829e-05
4.752799518935613572e-05
4.837959675703147752e-05
4.841480020220425678e-05
4.758884474770360378e-05
4.597337300291712265e-05
4.751701858189448589e-05
4.796629166286490851e-05
4.813796563181051830e-05
4.784487308290592410e-05
4.631799752541325427e-05
4.461930076415852696e-05
4.433233443213582879e-05
4.462837696915606593e-05
4.693447338261385785e-05
4.658840806927569200e-05
4.724339968334750932e-05
4.780985987548543341e-05
4.717652607946962298e-05
4.773415021948904997e-05
4.978424454721357096e-05
4.955605354895678408e-05
4.996254027606373562e-05
4.851387364200082555e-05
4.754802931373994533e-05
4.783373315114655748e-05
4.795490583113392631e-05
4.797211215149480435e-05
4.771383344991208777e-05
4.883218067714115878e-05
4.828432940064910533e-05
4.869661854381022916e-05
4.709092254544450847e-05
4.850449446171570099e-05
4.962384223565139541e-05
4.969614055611684168e-05
4.956345277391944451e-05
4.952029305017210102e-05
4.884768534361370987e-05
4.813036709312458326e-05
4.767319166859232952e-05
4.711067840019946847e-05
4.565456741221691654e-05
4.393453085670947161e-05
4.289004138255754137e-05
4.180039673777838512e-05
3.999747960400694359e-05
3.955338911851374276e-05
3.726505260845447475e-05
3.764132101135982892e-05
3.597024448679535436e-05
3.572165774501814519e-05
3.606175290430788832e-05
3.691080692756658555e-05
3.591977271269482756e-05
3.683275658106912540e-05
3.617026018735348849e-05
3.640087579692966502e-05
3.729808277870886278e-05
3.742238445747178045e-05
3.900611087152340041e-05
3.894290020190259118e-05
3.848115669728388485e-05
3.908351675075730192e-05
3.956340779504373921e-05
4.028981607649569335e-05
4.012563270212023489e-05
3.936412669424005107e-05
3.861748946467135566e-05
3.868852640478283409e-05
3.699228709759233010e-05
3.626490238823133533e-05
3.644893949408156464e-05
3.774353701232752433e-05
3.982919465508439027e-05
4.224496441410670441e-05
4.098945030704954608e-05
4.180890329913842027e-05
4.276352647517387150e-05
4.387411483162720577e-05
4.379846735588609755e-05
4.279085066310143727e-05
4.198389529910661483e-05
4.220064670125302350e-05
4.205713862087986476e-05
4.169326800912468128e-05
4.226244912082934935e-05
4.172022693564850275e-05
4.198392459443020774e-05
4.280732614997750056e-05
4.096557455462124470e-05
3.986610662189686598e-05
3.880030873095876789e-05
3.661591470756959032e-05
3.665986495610433564e-05
3.525744121283830995e-05
3.779866410117740385e-05
3.818512276076361215e-05
3.832564186173832347e-05
3.919113460909693145e-05
3.911862611483050799e-05
3.874748781067924763e-05
3.787095317188681902e-05
3.722929312684672139e-05
3.613443293138024254e-05
3.722102957363555457e-05
3.549765616741122067e-05
3.545656013979689181e-05
3.500076647901174032e-05
3.619079663167707849e-05
3.875341996029550885e-05
3.638277181818354110e-05
3.631336417625498483e-05
3.473859897712479479e-05
3.288811891095138533e-05
3.433093087680630677e-05
3.411496727437518561e-05
3.449427157430464200e-05
3.493152017773260205e-05
3.472736956690399728e-05
3.308659252441198298e-05
3.324558859712649405e-05
3.316912392874855707e-05
3.399607488654734616e-05
3.469002680378004263e-05
3.447968987285701447e-05
3.439283368896935280e-05
3.532042619464022877e-05
3.643798525159844308e-05
3.771677537652361027e-05
3.848347267891650604e-05
3.702244934856160707e-05
3.794436562253517199e-05
3.721448568719494326e-05
3.757753719204038570e-05
3.858817635801151807e-05
3.911620692640036104e-05
4.115543890852519428e-05
4.131428092990981239e-05
4.039467212012427263e-05
4.263991215752734975e-05
4.147618656178370209e-05
4.258484860139261048e-05
4.175235031216208696e-05
4.153521114027473957e-05
4.159700375821966898e-05
4.134074621899759154e-05
4.023731967399861778e-05
4.042480519275960625e-05
4.109147504454387990e-05
4.162005809191457744e-05
4.262413509531767444e-05
4.252410290919157965e-05
4.165341128080646542e-05
4.015954910887923593e-05
4.030905786134629201e-05
4.044090043524690520e-05
3.993603728354187322e-05
4.085389442417980432e-05
3.960106228293807328e-05
4.050980511397756992e-05
3.974669608818604943e-05
3.990417043519554126e-05
4.083212951517007104e-05
4.103355638650469739e-05
4.052788940389405274e-05
3.994390379518513600e-05
4.000460316507583334e-05
3.995346054209613973e-05
3.885614593236223183e-05
3.668866746819158284e-05
3.710829653105218604e-05
3.848359704507160951e-05
4.012962851074925884e-05
3.894279199341049773e-05
3.800998141732042591e-05
3.902867018122594404e-05
3.764581211790548612e-05
3.598332406837993021e-05
3.759005308097196813e-05
3.702964121152287091e-05
3.866297415435020055e-05
3.889097238814587622e-05
4.128175770149285695e-05
4.086537201909296984e-05
3.856906581592564940e-05
3.969111591021101844e-05
4.152661911504342039e-05
4.268457974309357203e-05
4.291833785125335321e-05
4.376670007329242829e-05
4.458793679190913972e-05
4.358696485440004964e-05
4.211572429804517784e-05
4.231550061672664553e-05
4.355721982975782782e-05
4.543426734767740181e-05
4.511636114976708080e-05
4.692649340578412305e-05
4.538433415494684070e-05
4.632737307066369563e-05
4.623413993972862640e-05
4.845839267904887326e-05
5.013234663555443487e-05
5.137967800060619627e-05
5.168764098777375203e-05
5.046484959757926325e-05
4.997964540650844654e-05
4.970770892741502582e-05
4.963850963018007201e-05
4.965346811108735527e-05
5.047256957418525474e-05
5.144287078442975143e-05
5.189229726440139172e-05
5.339635921194713574e-05
5.342320830269259958e-05
5.260701648941013128e-05
5.433260218652117575e-05
5.356249086698385307e-05
5.377657969636505625e-05
5.343194496977373320e-05
5.459440715867879462e-05
5.628113408815111040e-05
5.577857754565239586e-05
5.663238725351772126e-05
5.524205672410469260e-05
5.465702009479545177e-05
5.413306398258788929e-05
5.542126615438439010e-05
5.490950076856218197e-05
5.362487713816861668e-05
5.362205548204478978e-05
5.367296248740319029e-05
5.349678306751438667e-05
5.330550775077669805e-05
5.451570633870978015e-05
5.567825718090763760e-05
5.532291069313204047e-05
5.432474792549130561e-05
5.453765791201205693e-05
5.367507906955337830e-05
5.311592434949291905e-05
5.366235689227206491e-05
5.410823065275386566e-05
5.547980102317405542e-05
5.536065452664187526e-05
5.595523164109771704e-05
5.805200632115417733e-05
5.794907584721305574e-05
6.045113734200943656e-05
6.162495976442482735e-05
6.108936078234716426e-05
6.122409075672001911e-05
6.149267996547415805e-05
6.234709856971467810e-05
6.147850600358889289e-05
6.228038986041683773e-05
6.138198330366567853e-05
6.236625364296798980e-05
6.138443173805232568e-05
6.060946320182939974e-05
6.081560985577424484e-05
6.032897179699124216e-05
6.276092154762404757e-05
6.436121467302776983e-05
6.548972968238232935e-05
6.446372525184224740e-05
6.564451875874793710e-05
6.432197907747206028e-05
6.432995097145549959e-05
6.450158205279982247e-05
6.514114485831436815e-05
6.659666450566036045e-05
6.834081420435656438e-05
6.811386318989041835e-05
6.933429071172769135e-05
6.876329011208883086e-05
6.768327797894729706e-05
6.925373614781648788e-05
6.920649880922499135e-05
6.803374173213049968e-05
6.904441237121323809e-05
6.861895276079319254e-05
6.912643844708378981e-05
7.158361267076962238e-05
7.068843587580711193e-05
7.177037687371809092e-05
7.032718545079289841e-05
6.994706434721155940e-05
7.063261633751628582e-05
7.032028832507276504e-05
7.106858036375369590e-05
7.108751271091695437e-05
7.164215183207434123e-05
7.227386422140558381e-05
7.051028087205880683e-05
7.004857871282916767e-05
7.166066025686997196e-05
7.332010781814675415e-05
7.141668637364017029e-05
7.245197852041834047e-05
7.066607120598199210e-05
7.134819340726170458e-05
7.199863615019664513e-05
7.430824956640198905e-05
7.403159623119271002e-05
7.327892746127253481e-05
7.411424665985322994e-05
7.313990710353089912e-05
7.324804020274242164e-05
7.425067488843066542e-05
7.439737678945639217e-05
7.368700055222506906e-05
7.352598997555717675e-05
7.274017873380099171e-05
7.253366661137459852e-05
7.329087867387478763e-05
7.367475107364564624e-05
7.371819709154386522e-05
7.396473822991171557e-05
7.399549088955801874e-05
7.557536750528383480e-05
7.747003303358183978e-05
7.743108387543257099e-05
7.815541697985404677e-05
8.037006093008697608e-05
7.926447895103806924e-05
7.840658388669460356e-05
8.046615633035332396e-05
8.069910757725378065e-05
8.125871791202038624e-05
8.020417215390982727e-05
8.068978817243711919e-05
8.097582987929838121e-05
8.140749958661995891e-05
8.053244536818062913e-05
7.876101403901443097e-05
7.701045467145075393e-05
7.693023961665161788e-05
7.806721262511111779e-05
7.964491361525873503e-05
7.806626544570525984e-05
7.811224747820721167e-05
7.882551885725806674e-05
8.004420913895934615e-05
8.041260745852909109e-05
7.911308362569831180e-05
7.739948713981632789e-05
7.859971425049762470e-05
7.817279110484646337e-05
8.003839951182873844e-05
8.153803183933167195e-05
8.182454610411082007e-05
8.020056250979531933e-05
7.967412813159816930e-05
7.928777838814001031e-05
7.797788187474129803e-05
7.603748319927952908e-05
7.557300216738950765e-05
7.644090707450500557e-05
7.622853574085654684e-05
7.644243867623860182e-05
7.773347392700011131e-05
7.746381792278902794e-05
7.797917959964974775e-05
7.714827794999146052e-05
7.602131977519545488e-05
7.411890971524818410e-05
7.506656822736169129e-05
7.704011625860776970e-05
7.714701265561531014e-05
7.661763482232029627e-05
7.726594037246877714e-05
7.718917328846655254e-05
7.511980225903819709e-05
7.476588340523704389e-05
7.371440879930772497e-05
7.476830903359015369e-05
7.288777684049168248e-05
7.313975802056510520e-05
7.185548884614540300e-05
7.318233685965437932e-05
7.539526252353778561e-05
7.738712784226473821e-05
7.714349117377185131e-05
7.838182828178165656e-05
7.798832182637865614e-05
7.809468201105270965e-05
7.837860043149102660e-05
7.832707155663709141e-05
8.107640298514076193e-05
8.027391467411464283e-05
8.160770006502666648e-05
8.211634139254853299e-05
8.156801893557580666e-05
8.308528837901944363e-05
8.370694999634858318e-05
8.423156349334715780e-05
8.449497331570489638e-05
8.567554501142957764e-05
8.546056363177241056e-05
8.328864920984174833e-05
8.332515432306023689e-05
8.473419071569318931e-05
8.473118920787832723e-05
8.578225306506200173e-05
8.755405428864502680e-05
8.666661109615563896e-05
8.616356175349865253e-05
8.779087061985389078e-05
8.672258965333698195e-05
8.711533811633840306e-05
8.705687964462854183e-05
8.804148954793033024e-05
8.768342040512079789e-05
8.908478308171569916e-05
9.019159261414967860e-05
9.159814314378333868e-05
9.946001624719940000e-05
1.112734005088499516e-04
1.060741122468365419e-04
1.236414021375831793e-04
1.448336884212060008e-04
1.673209667826416175e-04
1.556271984862915363e-04
1.587680219732015465e-04
1.608150685935900070e-04
1.483091195447655585e-04
1.699327519168010382e-04
1.816136682848909511e-04
1.743611309791241054e-04
2.139794714352055358e-04
1.902308679218905256e-04
1.641708074479308053e-04
1.873263291739659731e-04
1.845028254602369916e-04
2.124967606872812649e-04
2.015702727000631429e-04
1.762822850566882866e-04
1.619660767453670472e-04
1.450951888962489090e-04
1.498165473345369227e-04
1.318222532627482291e-04
1.510065883774902541e-04
1.358595368388253752e-04
1.471383678150992057e-04
1.252911827294031456e-04
1.391366266390995146e-04
1.606859274719222447e-04
1.632078974747114210e-04
1.639007103462750462e-04
1.853859648549193372e-04
1.650729365324634995e-04
1.482501547694514037e-04
1.411901712195620423e-04
1.185172877357628865e-04
1.161568018162101247e-04
1.016787628857118079e-04
1.054327996486178597e-04
1.070123741016274003e-04
1.084701087630024529e-04
1.139188844807612988e-04
1.065887961077799086e-04
9.585531247669211419e-05
1.117153870710825396e-04
1.139147570497749405e-04
1.270352835284481484e-04
1.083620412850617309e-04
1.065085238105058522e-04
1.147363501140647140e-04
1.092233905252716880e-04
9.305738470264175884e-05
9.229081815813761904e-05
8.277842814650658283e-05
7.049488663321470255e-05
7.059040811817258478e-05
6.851490422319856993e-05
6.988781485820072113e-05
6.835382207935479959e-05
6.869888811690994142e-05
6.756146445730012019e-05
6.884844904312608998e-05
6.804481818995036259e-05
6.692206330870161804e-05
6.819425684018240051e-05
6.856347259465235045e-05
6.708493899410826792e-05
6.872553921809586395e-05
6.957921950140912015e-05
6.863827725132439959e-05
6.736418359320692217e-05
6.608443853559660267e-05
6.664850195169122016e-05
6.676779239300385262e-05
6.798286191189114355e-05
6.923357538156202264e-05
6.859873832124644907e-05
6.694170677367422182e-05
6.873418833656176922e-05
6.857117884560587785e-05
6.805199805488824948e-05
6.782274576513493765e-05
6.752269602880377436e-05
6.726565672132289871e-05
6.764426716978220642e-05
6.792135042360837312e-05
6.921331390675366157e-05
6.955901828335348512e-05
7.062064827011603951e-05
7.028949319046546771e-05
7.031461240300355704e-05
7.163924231259228301e-05
7.043464350208898704e-05
6.988131700581006096e-05
7.144932046430247394e-05
7.231485578826456608e-05
7.067026894679406097e-05
6.980264314610910316e-05
7.146771113528242747e-05
6.996343550168204696e-05
6.829460629117249323e-05
6.896749744330500480e-05
6.880062056086742775e-05
6.972832130817629395e-05
6.950341914816851358e-05
6.971572251907591944e-05
7.003933467895066172e-05
7.010234722272384053e-05
6.985682509083547456e-05
6.828809651280238265e-05
6.721591758842024387e-05
6.870539154776990158e-05
6.692738806345188804e-05
6.766219233586941639e-05
6.823564962066326514e-05
6.825348746604865838e-05
6.787636795730415094e-05
6.684490316906267630e-05
6.757352649675561502e-05
6.720520080915953418e-05
6.910483085272907259e-05
6.846724903996668859e-05
6.798758705940394914e-05
6.737105506446034538e-05
6.658924432306040884e-05
6.862313613493917436e-05
6.767509903245406315e-05
6.687300128309419051e-05
6.758344537757045604e-05
6.539211926824289205e-05
6.514544251857038522e-05
6.495620478904231122e-05
6.481134973004785949e-05
6.422902248118463628e-05
6.404554316967804616e-05
6.376439089499200174e-05
6.162321221958801554e-05
5.964898740524266825e-05
5.969500818575418854e-05
5.983835832179001691e-05
5.981831688578521954e-05
6.006269526649477615e-05
6.011126881753954537e-05
6.136652222522070359e-05
6.061578648297275701e-05
6.083594406409078702e-05
6.102182756136886958e-05
5.904024970071246271e-05
5.826883116560368765e-05
5.852240322293273810e-05
5.642976599491879167e-05
5.615765261983068560e-05
5.697009880590626517e-05
5.714692905999793149e-05
5.754931144757535164e-05
5.789002368020396643e-05
5.958247061667453653e-05
5.849673886342794329e-05
6.005863132291262835e-05
6.026945965389330512e-05
6.138700900966520655e-05
6.177429998315921210e-05
6.357401102483464848e-05
6.470854557744103077e-05
6.459306685815892519e-05
6.647848945486290698e-05
6.709368264609773334e-05
6.665451532546075948e-05
6.746673828531801992e-05
6.857802392906995432e-05
6.879418381341767183e-05
6.883745763598797507e-05
7.064950107676828787e-05
7.042305671377913990e-05
6.840846822279480490e-05
6.724011407787210798e-05
6.741664618657024178e-05
6.594509387728971026e-05
6.480972867041756580e-05
6.402599368156050813e-05
6.367924990521420974e-05
6.504932150537061873e-05
6.498286452488208451e-05
6.613931176195796320e-05
6.613183625512364145e-05
6.476777855283175360e-05
6.318310180566015586e-05
6.260720061046775057e-05
6.445008927436283975e-05
6.450887001167914057e-05
6.452559003840013395e-05
6.507208472861843868e-05
6.515812866791244036e-05
6.591568049600342728e-05
6.557182182166109720e-05
6.521699601303523896e-05
6.510921900822187974e-05
6.373697635913170103e-05
6.383847327672161325e-05
6.256111721170484622e-05
6.118375147228548099e-05
5.926878625349837296e-05
6.087325201899045914e-05
5.996751373195853432e-05
6.084724498716890661e-05
6.082492897005326569e-05
6.147715964509347167e-05
6.161373246469509235e-05
6.335829046549861692e-05
6.398843049966050807e-05
6.465962710047296850e-05
6.285914872097747076e-05
6.243335171613907252e-05
6.289214156069360779e-05
6.413977310036637544e-05
6.612298400820967360e-05
6.803950351797100093e-05
6.799921129188304860e-05
6.703641140194392428e-05
6.856486599896402967e-05
6.957439440757777276e-05
7.005409280989022941e-05
6.937555202971839728e-05
6.885641875809856999e-05
6.814867925486233012e-05
6.855621185735606585e-05
6.855208040871860046e-05
6.875157753949479088e-05
6.757299240236657909e-05
6.788831116970167059e-05
6.683568681870258473e-05
6.611118702717931129e-05
6.549389491223871933e-05
6.598296567493115239e-05
6.705871017407154841e-05
6.551660125910768848e-05
6.539840346247209016e-05
6.548101263025867436e-05
6.421000648646548207e-05
6.416976933077088430e-05
6.384547938577639185e-05
6.380066882525042404e-05
6.304040934243964375e-05
6.495211467843288499e-05
6.647020313385497089e-05
6.698057244715592020e-05
6.881529352393528473e-05
6.805982644105382283e-05
7.010443774056707936e-05
7.006676317744324164e-05
6.864441647774830021e-05
6.668776980047421321e-05
6.552364104281990353e-05
6.525650786783593435e-05
6.427147847565678202e-05
6.620595549459129244e-05
6.491491224002132439e-05
6.482330410507923892e-05
6.384923574190083152e-05
6.564303813667632034e-05
6.391867157859546259e-05
6.449281150289158247e-05
6.407843713561400757e-05
6.368551881912749553e-05
6.377538049807741406e-05
6.518241817601550349e-05
6.477433838857296774e-05
6.533252988545368853e-05
6.562023798835308990e-05
6.454128030865315135e-05
6.341516449342485099e-05
6.408998934239190789e-05
6.356016687352713027e-05
6.346070935294871379e-05
6.354677250531738241e-05
6.561346988139343480e-05
6.552817192373493280e-05
6.374591824451860983e-05
6.266130666871684411e-05
6.379121014648520102e-05
6.235499158640092686e-05
6.282480078433431688e-05
6.379574078021778814e-05
6.246380721606069222e-05
6.143403838472386112e-05
6.119397787348008837e-05
6.284297742461716072e-05
6.163466643467571421e-05
6.366102336491907528e-05
6.366367270969166593e-05
6.381142537588032867e-05
6.244741196583592283e-05
6.216854407304335073e-05
6.229259251584893175e-05
6.265036441359774552e-05
6.295855579970641874e-05
6.095350554582988666e-05
6.178156018911419545e-05
6.313392927625932963e-05
6.449427671654945076e-05
6.276354621774847640e-05
6.266193092828454810e-05
6.206996084381543254e-05
6.306584325678363462e-05
6.447398516215048373e-05
6.413146136010329187e-05
6.417118217146243724e-05
6.223042516105560496e-05
6.304651947843877317e-05
6.471861337683765638e-05
6.275607325109971871e-05
6.279270270885377054e-05
6.209280053913311280e-05
6.252232387905665308e-05
6.070651628103544478e-05
6.111742471267127296e-05
5.991987244966795055e-05
6.031408698321364016e-05
5.949816225038209391e-05
5.783409361352687182e-05
5.783460172384622127e-05
5.960148163530232018e-05
5.906742057133245518e-05
6.051194072525298946e-05
6.206216009701184973e-05
6.028515834797376757e-05
6.033809318339973472e-05
6.002214707395903863e-05
5.878479033656183918e-05
5.816998193351089976e-05
5.805836278184419629e-05
5.658044496943186944e-05
5.541975529743886300e-05
5.578993850005012529e-05
5.650552483390223774e-05
5.800000822058766985e-05
5.831783204797587848e-05
5.773333377825529014e-05
5.673387776754177774e-05
5.841965109736589352e-05
5.932834275889689975e-05
5.774997339947713699e-05
5.696191022780378006e-05
5.903676787975867507e-05
6.013022814990604681e-05
6.064814367507055843e-05
6.236289232005909388e-05
6.321377293947784989e-05
6.482899001010548065e-05
6.457534217742740847e-05
6.337660566419755777e-05
6.336126117638584884e-05
6.357245749551841847e-05
6.396166489456452911e-05
6.327633831469721567e-05
6.253634566119402978e-05
6.480338015265019972e-05
6.575133958526469446e-05
6.605490443790174363e-05
6.467439848506510616e-05
6.415554113904231982e-05
6.357609270042394547e-05
6.358163825168217781e-05
6.256643054989393835e-05
6.242058459237495778e-05
6.401316504593461355e-05
6.274405749818342767e-05
6.163170624355355435e-05
6.310284753775019333e-05
6.291255063991166145e-05
6.458721975320506382e-05
6.365563570600811093e-05
6.326077779454058038e-05
6.175171488849142071e-05
6.163292444442267288e-05
6.052658717816426835e-05
6.057688197252626623e-05
6.046879344668835450e-05
6.063391158161923804e-05
6.176885892368221486e-05
6.103463958561803417e-05
6.078891302379259873e-05
6.229995410887378374e-05
6.247985402720017823e-05
6.343832071320069140e-05
6.545324809454327989e-05
6.637312175873251430e-05
6.562499285197399617e-05
6.370890924752840476e-05
6.538336834795044242e-05
6.583291527640273988e-05
6.516180452681209518e-05
6.563893027591048755e-05
6.541768479621974403e-05
6.448884507939723102e-05
6.482766789933900621e-05
6.353604883631091367e-05
6.519075203293538676e-05
6.466531571659764582e-05
6.580265542299341681e-05
6.659522543672585489e-05
6.879289609393593929e-05
6.846146266301788999e-05
6.739450231750279089e-05
6.711179211803048521e-05
6.682710342038860197e-05
6.485353077687622410e-05
6.397482774621390540e-05
6.509512868072885939e-05
6.648809107269970620e-05
6.502564856169163788e-05
6.507299603799851560e-05
6.474193218909728501e-05
6.630035547606336521e-05
6.614726518133748931e-05
6.783336630795305854e-05
6.939773475287988971e-05
6.933084926365527909e-05
6.936310423906539755e-05
7.064642141339467303e-05
7.061677683098100094e-05
7.055375419706573492e-05
7.035209383110539499e-05
6.917480045326066624e-05
6.881960702238708761e-05
6.853980894690715688e-05
7.007434096450693400e-05
6.936314352734237500e-05
7.032076319349836620e-05
6.978975023292781658e-05
6.904410421305086614e-05
6.980578093426765109e-05
6.895277179505858098e-05
6.899402672981739897e-05
6.881321739670692565e-05
7.029265425991574571e-05
7.220995636897664671e-05
7.297010247032276891e-05
7.480126731348684765e-05
7.500647665142435097e-05
7.578895217758894565e-05
7.475842315218185117e-05
7.648063590695126847e-05
7.816001099444887864e-05
7.836151655345179078e-05
7.785929778678617056e-05
7.980359025673362165e-05
7.815406143758823641e-05
7.814233710836814180e-05
7.722890493239456219e-05
7.694331370495858765e-05
7.547300196639633888e-05
7.595531564685649895e-05
7.586682927498065684e-05
7.610001178584578413e-05
7.758589790447777688e-05
7.682918833523090724e-05
7.650844424614618329e-05
7.640496724554240429e-05
7.490262755139277741e-05
7.449140616633064633e-05
7.393575491642483935e-05
7.407066569195558002e-05
7.597138911314248589e-05
7.458029049384013126e-05
7.478054252912710452e-05
7.447227174394833538e-05
7.507254755295412465e-05
7.519324512087772062e-05
7.584030440160360648e-05
7.778217502257697919e-05
7.748072007348756856e-05
7.760584320544603126e-05
7.741527103751976954e-05
7.735071258086742346e-05
7.632490217115947041e-05
7.619100629014424384e-05
7.635085036357354199e-05
7.621488756990614771e-05
7.586942194559225070e-05
7.519389128139436094e-05
7.354147079452686407e-05
7.207263259880886390e-05
7.188940590314725054e-05
7.159704792975555470e-05
7.157594209093274954e-05
7.341688099915610422e-05
7.520808856251752419e-05
7.505031640590048461e-05
7.453686955888386134e-05
7.451184861479866303e-05
7.489509700663949049e-05
7.457001509515266615e-05
7.453158815980569826e-05
7.427545675631102629e-05
7.330284496405046687e-05
7.262447802414255537e-05
7.262855050024696001e-05
7.214873752513733087e-05
7.083849844574507525e-05
7.196783509562022947e-05
7.197936804769000457e-05
7.123197124958470115e-05
7.183318733584079772e-05
7.096634984089848991e-05
7.071011832967577548e-05
6.872343402273784700e-05
6.681235080557567936e-05
6.588275688669202438e-05
6.718638069121739070e-05
6.713941113730671707e-05
6.727063952031657045e-05
6.699913189909157026e-05
6.547341872969485361e-05
6.450901896376808487e-05
6.516353548903741589e-05
6.478522987971184802e-05
6.623787030739948089e-05
6.606832289389859498e-05
6.684122984986065391e-05
6.723419847853119103e-05
6.705437255761007281e-05
6.862240107247393286e-05
6.881025781632726078e-05
7.009064186982985807e-05
7.027056999024210149e-05
7.099648077403937713e-05
7.167043171227706171e-05
6.969625755464487968e-05
6.855244757903846482e-05
6.717795579141514080e-05
6.784715838094264101e-05
6.774473277392412032e-05
6.645874095642381404e-05
6.719516147013092269e-05
6.749029033887119649e-05
6.932828669332780753e-05
6.804456547706060423e-05
6.965190934665452303e-05
7.096017092974763558e-05
7.266073626221720809e-05
7.069870410305498741e-05
6.988394709045263461e-05
7.079793149143864979e-05
7.130889647094815025e-05
7.102461724557042745e-05
7.126242110559667838e-05
7.067234296505318437e-05
7.036719788144443787e-05
7.121087460825672609e-05
7.001592728745996549e-05
7.173884111296478328e-05
7.182786086083517408e-05
7.226281966069198794e-05
7.341179559444026888e-05
7.502952013803330076e-05
7.380481300523216055e-05
7.563733207063774602e-05
7.546845099480302952e-05
7.709367003790867641e-05
7.499640970884764366e-05
7.541064435574284641e-05
7.491905898399854494e-05
7.510652222534545518e-05
7.349164709600184157e-05
7.306215327317324630e-05
7.282659622496715391e-05
7.115711122523549345e-05
6.917158247356337906e-05
7.072233077488966125e-05
6.889122925396422975e-05
7.087962772895541465e-05
7.124103778712430487e-05
7.089060330260595945e-05
7.039776330999523177e-05
6.873883154200881188e-05
6.858072685908611426e-05
6.977712975363977799e-05
6.925678817691577154e-05
6.954392755505265766e-05
7.007422616944361342e-05
7.062701701870820637e-05
7.126694878696983922e-05
7.156551083654085702e-05
7.212947576656034436e-05
7.048876323286478731e-05
7.167586181368213892e-05
6.975486075289773311e-05
6.998118100987598550e-05
6.985513444547176520e-05
7.148442002156918330e-05
7.001529361157903268e-05
7.055038693830548700e-05
7.005855692261924014e-05
7.052640269902914736e-05
7.192831690311841822e-05
7.080105574452542558e-05
6.920692228617892077e-05
6.841023549884970027e-05
6.708949908754541474e-05
6.824964339964438370e-05
6.677160145667675531e-05
6.700800933574501967e-05
6.616968230698788288e-05
6.697005552278823492e-05
6.832769050989601848e-05
6.793669016959787209e-05
6.802050832800836454e-05
6.899950210864735196e-05
7.036415527365702939e-05
6.874074013816696414e-05
6.964418136397734305e-05
6.950608091236554762e-05
6.785326792277121077e-05
6.746558223168839087e-05
6.754822854209487385e-05
6.773706713191388431e-05
6.676576278231130177e-05
6.614083805303191900e-05
6.494230220822799532e-05
6.387564349521942511e-05
6.456616997497009833e-05
6.514505267216799222e-05
6.560435001717694874e-05
6.343364684680379549e-05
6.257888778671466307e-05
6.389535345746358524e-05
6.375401108300324867e-05
6.579113221011342947e-05
6.642450930834422338e-05
6.478040133092778674e-05
6.666200946451409921e-05
6.545199464035164269e-05
6.550297217895586566e-05
6.459598500449714373e-05
6.336978835011783460e-05
6.335356733173970749e-05
6.308188180169099367e-05
6.530151561668316989e-05
6.453391899978917778e-05
6.483735971517057630e-05
6.490018352096389330e-05
6.520644878121412092e-05
6.682641679028857517e-05
6.824209903977344069e-05
6.769967402514665369e-05
7.014780996572090883e-05
7.121265427795083695e-05
7.339199535392848626e-05
7.401508681123769801e-05
7.553316773441710495e-05
7.424840637054947248e-05
7.413329512146254953e-05
7.535358266163340042e-05
7.532477573323789852e-05
7.368668434489798237e-05
7.405556963758355769e-05
7.368227198502891729e-05
7.354630525917864238e-05
7.213061400529249411e-05
7.292206274462238172e-05
7.344032520906394420e-05
7.185362580090310031e-05
7.177417226690543299e-05
7.344535605125503380e-05
7.262422845506664667e-05
7.160350209083663853e-05
7.180004221474389097e-05
7.200380831055021552e-05
7.102186452704452671e-05
7.187596223792131291e-05
7.264402403208061060e-05
7.070296040267814964e-05
6.897934716500754820e-05
6.793905710569572948e-05
6.777550915299512260e-05
6.833246970168585293e-05
6.978402178057157646e-05
6.916616454850006452e-05
6.779379869541113845e-05
6.873646729189432109e-05
6.821289939837271667e-05
6.836391811440180170e-05
6.829032569851701000e-05
6.692455871889345538e-05
6.584881384513816948e-05
6.560420159918742115e-05
6.718111376057969784e-05
6.857739984820408448e-05
7.014309572064630297e-05
6.953375490657285392e-05
6.995390127893151783e-05
6.990215029047411267e-05
6.911724738514703117e-05
6.899943906523786988e-05
6.860791748759478446e-05
6.838324945058387241e-05
6.799330998103381325e-05
6.784619359811476708e-05
6.913217807091917696e-05
7.096077056066417031e-05
6.932929046485435782e-05
7.024694495009407543e-05
7.203086907370624258e-05
7.046757825039281478e-05
6.948754063741823688e-05
6.934266010094176328e-05
7.159364237818683458e-05
7.357900755153129436e-05
7.355612888958272099e-05
7.223173252024745578e-05
7.174908807976781099e-05
7.018898066892911868e-05
6.995414686380155766e-05
7.042470634499353776e-05
6.900084120904684769e-05
6.691934954518012776e-05
6.747903722243655427e-05
6.914733720299608317e-05
6.944090363237907348e-05
6.852313784066221846e-05
6.801862645319105055e-05
6.739441726715345927e-05
6.814948157396203744e-05
6.945588028164308874e-05
7.040082376226390398e-05
7.127523739343639508e-05
7.008866687276359131e-05
7.194866495861107882e-05
7.369363075293347272e-05
7.444289463847867218e-05
7.469625805613421866e-05
7.443599298775132526e-05
7.494321580391906379e-05
7.521587439810576456e-05
7.475838438272759722e-05
7.474241186045083810e-05
7.525419207703202228e-05
7.636141108170395157e-05
7.654123829386742426e-05
7.665659586443822771e-05
7.586898888345981805e-05
7.619782702485059617e-05
7.474537911945583024e-05
7.515924869591907270e-05
7.456727942250364176e-05
7.519896616357174860e-05
7.598204617350713468e-05
7.703937845825099037e-05
7.667132304554114843e-05
7.754950127368498110e-05
7.841963119447787896e-05
7.676737418945523772e-05
7.563334262964520880e-05
7.397089791784806478e-05
7.596507759130070284e-05
7.516209354004017114e-05
7.563875089243999304e-05
7.601818707727806955e-05
7.632408493507349709e-05
7.614539591496347591e-05
7.534369996848173630e-05
7.430571148926942465e-05
7.549669122043464644e-05
7.503966144640141921e-05
7.393941638804772383e-05
7.425554619216648668e-05
7.351468276981585183e-05
7.460341757990993105e-05
7.607702546660368977e-05
7.514166865838375301e-05
7.463431112978975539e-05
7.392575951507136779e-05
7.344971397194285435e-05
7.434992005900985723e-05
7.567968919903167154e-05
7.555843832272865555e-05
7.612266076784720420e-05
7.784067608200773364e-05
7.862729268904424332e-05
7.876042017895876332e-05
7.908668447467914655e-05
7.769693724892515413e-05
7.913394966855619899e-05
8.108772703785418708e-05
8.154316755762931290e-05
8.162632339451730899e-05
8.331865644549308768e-05
8.372871669688372023e-05
8.540836287263479226e-05
8.389122445860584993e-05
8.445275296424473047e-05
8.287584213364978321e-05
8.260771268332880524e-05
8.269741287412548400e-05
8.400018649587503994e-05
8.310728756190224398e-05
8.447994241996849545e-05
8.478979073473594003e-05
8.605639165754326114e-05
8.538145882578703069e-05
8.488259828882044116e-05
8.441423398498193844e-05
8.255890550016365184e-05
8.390894647933685091e-05
8.512703069871977064e-05
8.367545421229726442e-05
8.552524028585160539e-05
8.576232098087821216e-05
8.797972121310669775e-05
8.770330401662712323e-05
8.927605914293033017e-05
8.958124338377521892e-05
9.097383112151192911e-05
9.028152716614301220e-05
8.682079224511304448e-05
9.856618144651797147e-05
1.044489022845935302e-04
1.034150868845813015e-04
1.128252246088991387e-04
1.254700389962655027e-04
1.297568821392370327e-04
1.406891043826310594e-04
1.320788902918336547e-04
1.449217208525543281e-04
1.645466105582146430e-04
1.551136461607398136e-04
1.481962527540002538e-04
1.583733079169095091e-04
1.522114758703844626e-04
1.555365168649861234e-04
1.671067776592398554e-04
1.927275893689579475e-04
1.622756416378348513e-04
1.759891095098619924e-04
1.890789736176084319e-04
2.157097471280219837e-04
2.259772468303726913e-04
2.392442631641106493e-04
8.555092542606214118e-04
